7529536 supercells are calculated.

1
bias: 0.09112364
[[ 0 -1  0]
 [ 0  0 -1]
 [-1  0  0]]

2
bias: 0.01287487
[[ 0 -1  0]
 [-1  0  1]
 [ 1 -1  1]]

3
bias: 0.07181726
[[ 1 -1  1]
 [-1  0  1]
 [-1 -1  0]]

4
bias: 0.00000000
[[ 1 -1 -1]
 [-1  1 -1]
 [-1 -1  1]]

5
bias: 0.06718857
[[ 1 -1  1]
 [-2  0  1]
 [ 0  1  1]]

6
bias: 0.03816394
[[ 1 -1 -1]
 [-2  1 -1]
 [-1 -1  1]]

7
bias: 0.01847099
[[ 1  1 -2]
 [ 0  1  1]
 [-2  1  0]]

8
bias: 0.01390616
[[ 1 -1 -1]
 [-2  0  0]
 [ 0 -2  2]]

9
bias: 0.02308601
[[ 1  1  0]
 [-1  0  2]
 [ 2 -2  1]]

10
bias: 0.02465242
[[ 1  2 -2]
 [-2  1 -1]
 [-1  1  1]]

cell size and bias

1 0.0911236
2 0.0128749
3 0.0718173
4 0.0000000
5 0.0671886
6 0.0381639
7 0.0184710
8 0.0139062
9 0.0230860
10 0.0246524
