1399489 supercells are calculated.

1

bias:0.09112363596898843

[[ 0 -1  0]
 [ 0  0 -1]
 [ 1  0  0]]

2

bias:0.012874874200875963

[[ 1 -1  1]
 [-1  0  1]
 [ 0 -1  0]]

3

bias:0.07181726203747907

[[ 1 -1  1]
 [-1  0  1]
 [-1 -1  0]]

4

bias:2.220446049250313e-16

[[ 1 -1 -1]
 [ 1  1 -1]
 [ 1 -1  1]]

5

bias:0.06718857311813697

[[ 0 -1 -1]
 [ 2  0 -1]
 [ 1 -1  1]]

6

bias:0.038163943249389876

[[ 1 -1 -1]
 [ 2  1 -1]
 [ 1 -1  1]]

7

bias:0.018470994531889273

[[ 0 -1 -1]
 [ 1  1 -2]
 [ 2 -1  0]]

8

bias:0.013906162058354266

[[ 0 -2  2]
 [ 2  0  0]
 [-1  1  1]]

9

bias:0.0230860108937454

[[-1 -2  1]
 [ 1  0 -2]
 [ 2 -1  0]]

10

bias:0.024652415387302895

[[ 1 -2  2]
 [-1  1  1]
 [-2 -1  1]]

11

bias:0.027060547113158417

[[ 0 -1  2]
 [ 1  1  0]
 [-3  2  1]]

12

bias:0.010033157326917896

[[ 0 -2  1]
 [ 0  0  2]
 [-3  1  1]]

13

bias:0.04505408669880362

[[ 2 -2  1]
 [-1  0  2]
 [-2 -1  0]]

14

bias:0.0272073321024926

[[ 1 -2 -1]
 [ 1  1 -2]
 [ 3 -1  0]]

15

bias:0.01811118987470972

[[ 1 -2 -1]
 [ 2  1 -2]
 [ 2 -1  1]]

16

bias:0.012874874200875963

[[ 2 -2  2]
 [-2  0  2]
 [ 0 -2  0]]

17

bias:0.023965858651707528

[[ 3 -1 -2]
 [ 1  0  2]
 [ 0 -2  1]]

18

bias:0.013561582113311488

[[ 2 -2  0]
 [ 1  1 -3]
 [ 2  1  0]]

19

bias:0.03069161028887546

[[-1  2 -2]
 [-3  1  2]
 [ 1  1  1]]

20

bias:0.005985155859532076

[[ 2 -2  2]
 [-2  1  2]
 [-1 -2  1]]

21

bias:0.012683827664533798

[[-3  2  2]
 [-1  1 -2]
 [-1 -2  1]]

22

bias:0.005245980650418813

[[ 1 -2  2]
 [ 3  0 -2]
 [ 0  2  1]]

23

bias:0.01920963639061113

[[ 0 -2  3]
 [-3  1  1]
 [-1 -2  0]]

24

bias:0.003943208910741625

[[-1 -2  0]
 [ 1  1 -3]
 [ 3 -2  0]]

25

bias:0.015439130164714099

[[ 0 -2  3]
 [ 2  1  0]
 [-3  2  1]]

26

bias:0.00234003384260828

[[-2 -1  3]
 [-2  0 -1]
 [ 2 -3  0]]

27

bias:0.009030570883642453

[[ 1 -3  1]
 [ 3  0 -3]
 [ 2  0  1]]

28

bias:0.014255571728800431

[[ 2 -2 -2]
 [ 3  1 -1]
 [ 1 -2  2]]

29

bias:0.009891178304858306

[[ 0 -2 -1]
 [ 2  1 -3]
 [ 3 -2  1]]

30

bias:0.018715419219275553

[[-1 -1  3]
 [ 3  0  0]
 [-2  3  1]]

31

bias:0.006723528342575946

[[ 2 -3  1]
 [-1  0  3]
 [-3 -1  1]]

32

bias:6.661338147750939e-16

[[ 2 -2 -2]
 [ 2  2 -2]
 [ 2 -2  2]]

33

bias:0.008910609170357686

[[-3 -1  2]
 [ 0  0 -3]
 [ 2 -3  0]]

34

bias:0.010718043518362919

[[ 0 -1 -2]
 [ 4  0 -2]
 [ 1 -3  2]]

35

bias:0.00724584639295256

[[-3 -1  2]
 [-1  1 -3]
 [ 2 -3  0]]

36

bias:0.00038791571593077556

[[ 0 -3  3]
 [ 3  0  0]
 [-2  2  2]]

37

bias:0.023572738211033117

[[-1  3 -3]
 [-3  1  2]
 [ 2  1  1]]

38

bias:0.0016719976516874624

[[ 1 -2 -2]
 [ 2  2 -3]
 [ 3 -2  1]]

39

bias:0.006726559505321861

[[-1 -1 -2]
 [ 3  1 -3]
 [ 2 -3  1]]

40

bias:0.0014007710045940147

[[ 1 -3  3]
 [ 3  1 -1]
 [-2  2  2]]

41

bias:0.0218500647676676

[[ 1 -1 -3]
 [ 4  0 -1]
 [ 0 -3  2]]

42

bias:0.002748929020450097

[[-1 -3  2]
 [ 0  0  3]
 [-4  2  1]]

43

bias:0.02058148082398037

[[ 0 -2  3]
 [-4  1  2]
 [-1 -3  0]]

44

bias:0.013488393374915697

[[ 0 -3  2]
 [ 0  1  3]
 [-4  1  1]]

45

bias:0.009854271415030924

[[ 3 -3  2]
 [-2  1  3]
 [-2 -2  1]]

46

bias:0.005344545546025259

[[ 1 -2  3]
 [ 4  0 -2]
 [-1  3  1]]

47

bias:0.011625720522005834

[[ 1 -3  3]
 [ 4  0 -1]
 [-1  2  2]]

48

bias:0.006581820236814417

[[ 0 -3  3]
 [ 2  1  1]
 [-4  2  2]]

49

bias:0.00896807772388386

[[ 2 -3  2]
 [-2  1  3]
 [-3 -2  1]]

50

bias:0.008239392685404523

[[ 3 -2  2]
 [ 3  1 -3]
 [-1  3  1]]

51

bias:0.012712146798901092

[[ 2 -1 -4]
 [ 2  2 -1]
 [ 3 -3  1]]

52

bias:0.006735343116206716

[[ 2 -3  3]
 [-2  2  2]
 [-3 -2  2]]

53

bias:0.00444505506487225

[[ 3 -3  1]
 [ 3  1 -4]
 [ 1  2  1]]

54

bias:0.008502070021251695

[[-3 -2  1]
 [ 1  1 -4]
 [ 3 -3  0]]

55

bias:0.004762597920103362

[[ 3 -3  2]
 [ 3  2 -3]
 [-1  2  2]]

56

bias:0.00898867425340999

[[-1 -2  4]
 [ 4  0  0]
 [-2  3  1]]

57

bias:0.008698573715735236

[[ 2 -2  3]
 [-4  1  3]
 [-1 -3  1]]

58

bias:0.0037592056144191144

[[-1 -2 -1]
 [ 2  2 -4]
 [ 4 -3  0]]

59

bias:0.01249603960105361

[[ 3 -4  1]
 [ 3  0 -4]
 [ 2  1  1]]

60

bias:0.0034279184757612935

[[ 4 -2  1]
 [ 2  2 -4]
 [-1  3  1]]

61

bias:0.011312318710668512

[[ 2 -2  3]
 [ 4  1 -3]
 [-1  3  1]]

62

bias:0.006136236260579908

[[ 2 -2  3]
 [-4  2  3]
 [-1 -3  1]]

63

bias:0.010851560530622972

[[ 1 -2  4]
 [ 4  1 -2]
 [-2  3  1]]

64

bias:0.008377986870932164

[[ 1 -4  1]
 [ 2  0 -4]
 [ 4  0  0]]

65

bias:0.0045019352883199915

[[-4 -1  3]
 [-1  0 -3]
 [ 2 -4  1]]

66

bias:0.0014142220656561122

[[ 2 -3  3]
 [ 4  0 -3]
 [ 0  3  1]]

67

bias:0.015917067861073386

[[-2 -2 -1]
 [ 1  2 -4]
 [ 4 -3  0]]

68

bias:0.003133275295504001

[[ 2 -4  2]
 [-3  1  4]
 [-3 -1  0]]

69

bias:0.0071766710970397884

[[-4 -1  1]
 [ 1  1 -4]
 [ 3 -4  0]]

70

bias:0.006187976023161568

[[ 2 -3  3]
 [-3  2  3]
 [-3 -2  1]]

71

bias:0.00904506987941267

[[-3 -1 -1]
 [ 2  1 -4]
 [ 3 -4  0]]

72

bias:0.0061775625531172995

[[-4 -1  2]
 [ 0  0 -4]
 [ 2 -4  1]]

73

bias:0.009931398949079906

[[-3 -1  4]
 [-3  0 -2]
 [ 2 -4  1]]

74

bias:0.008049025714659264

[[ 2 -4  2]
 [ 3  0 -4]
 [ 3  1  1]]

75

bias:0.005293425206182034

[[ 3 -3  2]
 [ 4  1 -4]
 [ 0  3  1]]

76

bias:0.0027419844111307157

[[ 2  3 -2]
 [-2  1  4]
 [ 4 -3  1]]

77

bias:0.01651679888704316

[[ 1 -3  3]
 [-3  2  3]
 [-4 -2  1]]

78

bias:0.0028906020779380093

[[ 3 -3  3]
 [-3  2  3]
 [-2 -3  2]]

79

bias:0.008567143568765756

[[ 4 -3  2]
 [ 3  1 -4]
 [ 0  3  1]]

80

bias:0.004491438658024149

[[-4  3  3]
 [-2  2 -3]
 [-2 -3  2]]

81

bias:0.004451200874709738

[[ 3 -4  2]
 [-3  1  4]
 [-3 -2  1]]

82

bias:0.005923740321025273

[[-4 -2  2]
 [ 1  0 -4]
 [ 3 -4  1]]

83

bias:0.005345949458719135

[[-1 -3  4]
 [ 3  1  1]
 [-4  3  2]]

84

bias:0.007181358281819428

[[ 0 -3  4]
 [ 4  1  0]
 [-3  3  2]]

85

bias:0.008968379660533321

[[ 3 -2  2]
 [ 4  1 -4]
 [-1  4  1]]

86

bias:0.0033412163806054718

[[ 1 -4  3]
 [ 5  0 -2]
 [-1  2  3]]

87

bias:0.011380957367238542

[[-3 -3  3]
 [-1  1  4]
 [-4  3  0]]

88

bias:0.00511132276002324

[[ 1 -2 -3]
 [ 3  2 -3]
 [ 4 -4  2]]

89

bias:0.003248912203329013

[[-1 -3  4]
 [ 1  2  2]
 [-5  3  1]]

90

bias:0.00886563308343713

[[-2 -3  0]
 [ 2  2 -5]
 [ 4 -3  0]]

91

bias:0.005597169566632809

[[ 0 -3  4]
 [ 2  2  1]
 [-5  3  2]]

92

bias:0.0032126775264498253

[[ 1 -3 -2]
 [ 3  2 -4]
 [ 4 -3  2]]

93

bias:0.007716347634761922

[[ 3 -3  3]
 [-3  2  3]
 [-3 -3  2]]

94

bias:0.005316494749812772

[[ 3 -4  2]
 [-2  1  4]
 [-4 -2  2]]

95

bias:0.00924361976681709

[[ 3 -4  0]
 [ 4  1  0]
 [-1 -2  5]]

96

bias:0.00038287206458043066

[[-3 -3  3]
 [ 0  0 -4]
 [ 4 -4  0]]

97

bias:0.00607621747507836

[[ 2 -4  3]
 [-4  1  4]
 [-3 -2  0]]

98

bias:0.0026727256140215427

[[ 4 -2 -3]
 [ 3  2  0]
 [ 1 -4  4]]

99

bias:0.005885488505094294

[[ 1 -2  4]
 [ 5  1 -3]
 [-2  4  1]]

100

bias:0.005875909312502481

[[ 0 -4  0]
 [ 2  2 -5]
 [ 5 -2  0]]


cell size and bias

1 0.0911236
2 0.0128749
3 0.0718173
4 0.0000000
5 0.0671886
6 0.0381639
7 0.0184710
8 0.0139062
9 0.0230860
10 0.0246524
11 0.0270605
12 0.0100332
13 0.0450541
14 0.0272073
15 0.0181112
16 0.0128749
17 0.0239659
18 0.0135616
19 0.0306916
20 0.0059852
21 0.0126838
22 0.0052460
23 0.0192096
24 0.0039432
25 0.0154391
26 0.0023400
27 0.0090306
28 0.0142556
29 0.0098912
30 0.0187154
31 0.0067235
32 0.0000000
33 0.0089106
34 0.0107180
35 0.0072458
36 0.0003879
37 0.0235727
38 0.0016720
39 0.0067266
40 0.0014008
41 0.0218501
42 0.0027489
43 0.0205815
44 0.0134884
45 0.0098543
46 0.0053445
47 0.0116257
48 0.0065818
49 0.0089681
50 0.0082394
51 0.0127121
52 0.0067353
53 0.0044451
54 0.0085021
55 0.0047626
56 0.0089887
57 0.0086986
58 0.0037592
59 0.0124960
60 0.0034279
61 0.0113123
62 0.0061362
63 0.0108516
64 0.0083780
65 0.0045019
66 0.0014142
67 0.0159171
68 0.0031333
69 0.0071767
70 0.0061880
71 0.0090451
72 0.0061776
73 0.0099314
74 0.0080490
75 0.0052934
76 0.0027420
77 0.0165168
78 0.0028906
79 0.0085671
80 0.0044914
81 0.0044512
82 0.0059237
83 0.0053459
84 0.0071814
85 0.0089684
86 0.0033412
87 0.0113810
88 0.0051113
89 0.0032489
90 0.0088656
91 0.0055972
92 0.0032127
93 0.0077163
94 0.0053165
95 0.0092436
96 0.0003829
97 0.0060762
98 0.0026727
99 0.0058855
100 0.0058759
